6 0.5303921568627451 0.7509803921568627 0.24411764705882352 0.36470588235294116
0 0.8230392156862745 0.6797385620915033 0.35 0.6143790849673203
15 0.2931372549019608 0.3980392156862745 0.21176470588235294 0.06666666666666667
1 0.7823529411764706 0.28660130718954246 0.307843137254902 0.19150326797385622
14 0.5083333333333333 0.33986928104575165 0.23333333333333334 0.09281045751633987
16 0.4007352941176471 0.2099673202614379 0.3939950980392157 0.25980392156862747 0.38786764705882354 0.2818627450980392 0.39889705882352944 0.29330065359477125 0.6317401960784313 0.29411764705882354 0.6299019607843137 0.22140522875816993 0.4117647058823529 0.21895424836601307
2 0.2616421568627451 0.08823529411764706 0.2696078431372549 0.0661764705882353 0.2928921568627451 0.0661764705882353 0.30514705882352944 0.0718954248366013 0.3161764705882353 0.1119281045751634 0.34375 0.18382352941176472 0.36090686274509803 0.2687908496732026 0.3700980392156863 0.3227124183006536 0.3602941176470588 0.3562091503267974 0.32169117647058826 0.36764705882352944 0.3014705882352941 0.35130718954248363 0.29840686274509803 0.3292483660130719 0.27389705882352944 0.2434640522875817 0.27205882352941174 0.16013071895424835 0.26838235294117646 0.12336601307189543 0.2604166666666667 0.09967320261437909
8 0.12893382352941177 0.07761437908496732 0.14363970588235292 0.05718954248366013 0.16018382352941177 0.056372549019607844 0.17305147058823528 0.06862745098039216 0.21410539215686272 0.1707516339869281 0.2441299019607843 0.22549019607843138 0.271703431372549 0.3202614379084967 0.2582230392156863 0.3562091503267974 0.23003676470588233 0.36764705882352944 0.20246323529411764 0.35784313725490197 0.19204656862745098 0.3276143790849673 0.16447303921568626 0.2549019607843137 0.16018382352941177 0.2034313725490196 0.14792892156862744 0.14705882352941177 0.13689950980392157 0.10702614379084967 0.1277083333333333 0.08660130718954248
11 0.17917892156862744 0.44689542483660133 0.1822426470588235 0.4158496732026144 0.17060049019607842 0.4076797385620915 0.11055147058823529 0.4027777777777778 0.09952205882352941 0.41830065359477125 0.09584558823529413 0.44607843137254904 0.10074754901960785 0.4526143790849673 0.15773284313725489 0.4583333333333333 0.18040441176470587 0.45751633986928103
10 0.16079656862745098 0.5138888888888888 0.15589460784313725 0.5547385620915033 0.06704656862745098 0.5637254901960784 0.0719485294117647 0.5122549019607843
13 0.07011029411764706 0.5988562091503268 0.0915563725490196 0.5964052287581699 0.029056372549019608 0.9174836601307189 0.013125 0.9174836601307189 0.05724264705882353 0.6968954248366013 0.053566176470588235 0.6830065359477124
12 0.12035539215686275 0.5931372549019608 0.138125 0.5988562091503268 0.14425245098039213 0.6094771241830066 0.1270955882352941 0.6985294117647058 0.11729166666666667 0.7222222222222222 0.08420343137254903 0.9133986928104575 0.0719485294117647 0.9191176470588235 0.06520833333333334 0.9060457516339869 0.10871323529411765 0.6633986928104575
5 0.17182598039215685 0.5678104575163399 0.16263480392156862 0.613562091503268 0.16386029411764705 0.6535947712418301 0.1424142156862745 0.7246732026143791 0.12954656862745098 0.8570261437908496 0.10442401960784314 0.8929738562091504 0.09952205882352941 0.9305555555555556 0.11055147058823529 0.9607843137254902 0.3293014705882353 0.9436274509803921 0.37525735294117646 0.9566993464052288 0.4132475490196078 0.9493464052287581 0.39118872549019607 0.928921568627451 0.4150857843137255 0.7107843137254902 0.4273406862745098 0.579248366013072 0.3366544117647059 0.5735294117647058 0.2876348039215686 0.5849673202614379 0.2361642156862745 0.5825163398692811 0.18898284313725489 0.5759803921568627
9 0.39486519607843135 0.5098039215686274 0.3936397058823529 0.5751633986928104 0.26496323529411764 0.5637254901960784 0.1975612745098039 0.5678104575163399 0.18653186274509803 0.5555555555555556 0.19939950980392157 0.5089869281045751
3 0.1969485294117647 0.440359477124183 0.18837009803921567 0.49836601307189543 0.23126225490196078 0.494281045751634 0.3145955882352941 0.4991830065359477 0.39057598039215685 0.5024509803921569 0.40589460784313725 0.4452614379084967
7 0.43224264705882354 0.4084967320261438 0.4353063725490196 0.4877450980392157 0.450625 0.4795751633986928 0.6013602941176471 0.48366013071895425 0.6215808823529412 0.48284313725490197 0.6148406862745098 0.4076797385620915 0.6001348039215687 0.41094771241830064
4 0.4285661764705882 0.4934640522875817 0.4132475490196078 0.5122549019607843 0.4083455882352941 0.5669934640522876 0.42121323529411764 0.571078431372549 0.4463357843137255 0.565359477124183 0.6289338235294119 0.5637254901960784 0.6387377450980393 0.565359477124183 0.6442524509803922 0.5473856209150327 0.6356740196078432 0.48366013071895425 0.6221936274509804 0.4959150326797386 0.43224264705882354 0.5