16 0.5541666666666667 0.15130718954248365 0.32107843137254904 0.11437908496732026
15 0.28088235294117647 0.3735294117647059 0.2627450980392157 0.09084967320261438
5 0.3156862745098039 0.8120915032679739 0.2803921568627451 0.37450980392156863
6 0.5848039215686275 0.8104575163398693 0.24411764705882352 0.3790849673202614
14 0.549264705882353 0.2911764705882353 0.30245098039215684 0.13529411764705881
10 0.09411764705882353 0.5683006535947712 0.10294117647058823 0.06339869281045751
11 0.09632352941176471 0.4196078431372549 0.10735294117647058 0.06143790849673202
12 0.13308823529411765 0.8160130718954248 0.02892156862745098 0.33790849673202616
7 0.5683823529411764 0.4454248366013072 0.22794117647058823 0.10915032679738562
15 0.2977941176470588 0.48333333333333334 0.24950980392156863 0.07777777777777778
8 0.010416666666666666 0.06781045751633986 0.04411764705882353 0.07026143790849673 0.07107843137254902 0.10130718954248366 0.14522058823529413 0.1388888888888889 0.1954656862745098 0.1830065359477124 0.22549019607843138 0.21977124183006536 0.22794117647058823 0.27532679738562094 0.21986519607843136 0.29983660130718953 0.18933823529411764 0.31781045751633985 0.14950980392156862 0.30718954248366015 0.08700980392156862 0.2540849673202614 0.05943627450980392 0.190359477124183 0.0006127450980392157 0.14460784313725492 0 0.08496732026143791
2 0.2063848039215686 0.07761437908496732 0.19596813725490195 0.09477124183006536 0.20454656862745096 0.1315359477124183 0.22292892156862745 0.16339869281045752 0.2333455882352941 0.19934640522875818 0.24682598039215686 0.25326797385620914 0.2848161764705882 0.2949346405228758 0.3111642156862745 0.30800653594771243 0.35589460784313726 0.29248366013071897 0.36753676470588237 0.2369281045751634 0.3528308823529412 0.19362745098039216 0.32954656862745096 0.14297385620915032 0.27685049019607844 0.10375816993464053 0.25601715686274507 0.07434640522875817 0.2296691176470588 0.058823529411764705
13 0.07219362745098039 0.6535947712418301 0.08751225490196078 0.6560457516339869 0.09302696078431373 0.7598039215686274 0.09792892156862745 0.9959150326797386 0.08138480392156863 0.9993464052287582 0.07464460784313726 0.7720588235294118 0.06667892156862745 0.7491830065359477 0.06729166666666667 0.6601307189542484
9 0.18800245098039214 0.5514705882352942 0.19167892156862745 0.6200980392156863 0.2523406862745098 0.6111111111111112 0.32893382352941175 0.613562091503268 0.38591911764705883 0.6143790849673203 0.4208455882352941 0.6111111111111112 0.41900735294117647 0.5294117647058824 0.2750122549019608 0.5441176470588235 0.23518382352941175 0.5441176470588235 0.1910661764705882 0.5375816993464052
4 0.4563848039215686 0.5228758169934641 0.43800245098039214 0.5841503267973857 0.44535539215686276 0.6241830065359477 0.4637377450980392 0.6102941176470589 0.6849387254901961 0.5972222222222222 0.6953553921568628 0.6111111111111112 0.7057720588235294 0.5898692810457516 0.701482843137255 0.5049019607843137 0.6628799019607844 0.5098039215686274
1 0.8556764705882353 0.18101960784313725 0.2886470588235294 0.33339869281045753
0 0.8619411764705882 0.6738627450980392 0.2761127450980392 0.652281045751634